61200
62936
0
0
0
0
0
0
0
0
0
2364
5093
4854
4868
4579
4459
4344
4117
4061
3898
3873
3736
3668
3766
3681
3451
3430
3306
3226
3293
3175
3202
3129
2952
3028
2975
2852
2852
2848
2754
2742
2729
2634
2770
2672
2655
2636
2582
2494
2462
2496
2461
2340
2391
2491
2319
2321
2292
2331
2269
2241
2319
2184
2214
2177
2194
2110
2080
2152
2033
2102
2045
2092
2116
2039
1941
2009
1993
1942
1956
1934
1966
1902
1836
1979
1887
1904
1815
1841
1852
1779
1769
1865
1827
1848
1798
1707
1840
1789
1787
1770
1802
1642
1753
1711
1705
1713
1695
1658
1625
1737
1741
1661
1721
1676
1669
1663
1681
1633
1698
1744
1690
1679
1731
1738
1747
1652
1747
1627
1740
1652
1613
1747
1738
1769
1772
1823
1827
1816
1805
1840
1925
2609
4791
4909
2437
1515
1444
1430
1421
1472
1400
1504
1440
1475
1485
1403
1443
1517
1440
1451
1542
1446
1490
1472
1522
1553
1458
1456
1480
1503
1469
1483
1538
1572
1799
1990
1770
1544
1517
1801
2329
2140
1670
1475
1439
1479
1542
1430
1450
1449
1439
1462
1434
1480
1557
1627
1581
1500
1551
1520
1582
1525
1621
1775
1984
2030
1738
1649
1574
1620
1742
1926
2223
2234
1628
1562
1481
1477
1438
1510
1512
1614
1552
1673
1642
1581
1522
1616
1564
1543
1555
1575
1567
1574
1574
1500
1550
1550
1585
1468
1534
1608
1581
1589
1603
1580
1578
1592
1607
1564
1651
1605
1558
1616
1570
1588
1576
1579
1597
1684
1632
1636
1642
1572
1638
1632
1625
1689
1590
1641
1700
1608
1699
1690
1636
1744
1671
1661
1712
1709
1656
1732
1741
1752
1751
1700
1702
1716
1698
1757
1764
1693
1727
1740
1756
1773
1742
1788
1792
1743
1782
1711
1762
1719
1746
1759
1837
1768
1712
1733
1750
1784
1687
1746
1696
1718
1709
1712
1727
1753
1769
1796
1787
1737
1765
1717
1748
1779
1799
1751
1740
1733
1800
1706
1820
1787
1669
1691
1728
1833
1748
1772
1748
1688
1762
1723
1654
1740
1709
1805
1734
1718
1773
1724
1744
1751
1638
1737
1713
1702
1709
1722
1684
1738
1682
1676
1638
1705
1620
1589
1605
1658
1674
1672
1679
1654
1610
1641
1669
1589
1645
1748
1658
1621
1665
1652
1622
1554
1608
1694
1624
1567
1653
1626
1629
1630
1618
1639
1669
1617
1569
1607
1636
1583
1592
1642
1629
1673
1563
1537
1635
1610
1551
1599
1611
1564
1624
1636
1592
1547
1548
1582
1528
1561
1518
1567
1663
1543
1593
1665
1640
1608
1636
1546
1643
1614
1586
1627
1671
1598
1635
1601
1704
1626
1577
1635
1676
1676
1629
1620
1634
1778
1754
1734
1664
1656
1698
1644
1674
1740
1721
1712
1616
1636
1736
1645
1638
1684
1726
1663
1666
1681
1620
1733
1693
1686
1706
1673
1652
1641
1686
1671
1690
1741
1756
1716
1698
1681
1695
1713
1690
1664
1576
1655
1648
1697
1639
1703
1665
1675
1653
1626
1656
1662
1661
1635
1745
1675
1637
1629
1742
1594
1612
1667
1644
1670
1626
1564
1672
1638
1586
1603
1732
1663
1581
1610
1708
1565
1621
1607
1591
1630
1541
1641
1600
1665
1576
1637
1641
1642
1596
1657
1579
1601
1602
1634
1577
1560
1597
1666
1545
1591
1502
1619
1588
1499
1510
1595
1587
1541
1589
1534
1543
1560
1532
1478
1513
1507
1592
1449
1542
1575
1479
1552
1524
1523
1537
1462
1473
1492
1534
1613
1581
1545
1466
1453
1472
1434
1434
1481
1524
1474
1439
1504
1460
1440
1340
1464
1412
1389
1406
1408
1331
1357
1384
1355
1446
1376
1449
1370
1358
1459
1346
1368
1392
1315
1370
1322
1379
1345
1417
1348
1319
1276
1381
1421
1309
1318
1297
1351
1376
1326
1323
1351
1320
1325
1324
1298
1322
1271
1333
1346
1219
1302
1265
1297
1238
1298
1185
1244
1290
1253
1284
1204
1241
1239
1304
1232
1218
1294
1282
1219
1189
1240
1212
1209
1234
1207
1236
1210
1174
1206
1210
1185
1229
1134
1153
1252
1220
1186
1213
1193
1180
1170
1154
1172
1189
1136
1199
1157
1220
1096
1133
1071
1087
1157
1159
1073
1138
1155
1151
1040
1144
1150
1131
1085
1104
1073
1111
1101
1094
1139
1055
1062
1082
1083
1089
1137
1096
1020
1110
1112
1047
1109
1092
1072
1089
1051
1073
1099
1050
1079
1017
1022
1013
1047
1041
1043
1078
968
1004
1043
1048
1096
1007
1052
1049
1049
1059
1025
1088
999
1022
1018
993
945
1033
1018
968
1050
944
957
964
954
1000
968
972
998
966
997
968
1011
960
1028
997
1022
1009
1033
919
992
1037
939
1000
931
996
994
980
955
976
1036
946
1019
961
893
931
953
945
917
991
922
1038
974
972
906
954
892
935
951
962
926
940
943
952
934
908
879
951
972
944
940
928
904
923
912
938
963
963
996
910
936
949
903
962
940
982
882
907
873
884
892
919
895
876
855
882
892
860
879
885
920
901
906
934
902
871
902
845
905
914
939
921
902
918
843
863
865
912
868
969
840
841
889
896
889
792
857
884
859
856
885
891
847
842
860
825
842
839
826
858
844
866
858
835
877
895
885
861
851
887
904
921
853
865
881
819
863
844
850
887
842
890
849
854
896
873
860
826
895
874
824
824
857
810
923
811
895
839
859
873
904
862
847
846
853
818
864
849
893
823
871
853
822
862
885
765
835
838
819
850
843
834
803
840
850
850
837
861
821
806
827
790
809
790
833
791
827
830
814
857
831
840
836
810
855
809
835
817
797
860
816
830
863
830
843
816
810
867
828
821
812
861
828
816
766
765
771
776
724
776
856
763
827
817
910
790
835
800
738
860
792
790
811
767
802
746
762
822
768
787
834
803
768
789
814
772
807
810
778
852
756
758
800
792
820
798
812
729
772
772
780
781
750
772
700
750
700
733
729
799
698
726
740
771
723
740
742
731
671
788
710
734
666
706
677
731
697
687
720
717
665
684
662
654
682
697
677
702
692
693
687
679
657
674
687
667
717
690
709
709
715
698
660
704
711
697
704
675
684
680
737
671
685
684
713
643
702
640
672
666
684
684
661
637
657
646
611
659
672
658
671
663
650
752
674
675
688
618
694
632
646
616
650
653
647
669
697
631
641
639
638
646
639
649
658
582
658
622
657
613
661
648
617
632
670
632
639
620
615
645
630
665
745
941
936
813
689
650
643
613
585
583
591
591
583
551
607
596
564
551
561
573
590
546
554
528
531
564
532
544
555
551
583
564
582
534
541
561
525
551
537
480
558
559
557
511
544
566
541
554
566
526
512
490
550
549
572
507
545
540
511
548
537
514
514
530
550
556
534
545
525
478
541
512
519
518
519
461
517
555
514
537
531
564
570
567
517
649
678
706
752
773
753
714
647
602
526
557
524
513
509
502
532
518
485
503
515
511
512
512
536
466
484
514
464
523
481
509
463
496
498
500
464
428
526
492
546
488
506
480
502
478
489
497
459
513
516
466
481
478
474
487
501
517
482
488
504
458
466
480
475
498
494
530
515
471
469
503
519
468
472
500
483
505
477
509
506
485
465
445
463
466
495
505
483
470
450
441
444
480
478
506
479
477
484
466
500
465
454
502
466
497
475
496
510
511
477
465
480
503
505
472
471
479
479
474
485
486
465
498
499
513
469
498
449
470
556
839
1424
1954
1942
1316
681
499
514
449
478
496
464
500
519
588
1164
2320
3294
2959
1824
847
493
482
460
450
456
450
449
426
498
457
467
457
432
445
464
472
490
449
450
443
460
454
448
439
422
446
482
464
481
518
534
574
510
457
454
470
452
457
467
458
472
470
465
477
473
442
466
417
450
443
423
475
463
467
418
466
447
448
441
442
450
469
484
458
482
430
475
457
477
442
476
437
455
472
472
418
406
432
476
703
1778
5730
12810
17659
14652
7202
2328
705
371
326
332
318
336
409
412
392
419
358
322
332
304
295
346
298
324
290
303
335
309
301
312
305
326
319
342
322
312
313
329
330
292
354
310
305
300
305
313
288
294
278
299
308
299
266
342
261
334
295
284
292
288
304
314
293
292
310
295
324
262
305
302
315
310
313
290
298
317
322
275
281
284
303
268
285
289
305
290
302
307
306
295
278
268
275
309
277
280
292
265
287
299
279
280
309
299
281
242
256
299
288
303
263
257
241
303
274
272
272
258
285
280
271
261
276
286
274
276
262
286
309
279
291
291
277
279
289
269
284
354
659
1973
5081
9781
11475
8360
3702
1151
366
258
240
218
221
265
252
233
219
248
247
223
241
217
229
232
238
234
241
218
233
221
226
237
231
223
237
248
221
240
214
222
211
217
231
194
225
232
219
227
202
196
213
212
217
213
245
229
226
202
225
211
211
224
237
208
221
201
223
206
212
218
214
221
236
209
208
214
195
201
200
218
216
231
196
216
210
203
216
220
225
173
249
229
213
204
202
204
216
224
195
221
244
220
219
198
198
226
235
198
188
219
203
233
225
218
218
233
246
204
202
208
226
195
215
194
206
209
198
219
197
202
218
237
194
210
201
191
225
180
199
202
220
214
219
217
187
189
191
208
184
204
174
204
217
207
212
199
218
225
189
203
208
202
216
220
215
227
211
226
186
204
246
201
218
203
207
200
189
194
198
237
195
192
181
210
193
186
221
208
222
187
207
205
198
196
217
213
190
195
188
174
189
183
207
209
175
212
212
203
200
201
193
191
208
198
208
202
210
241
203
201
176
166
225
215
203
199
201
211
215
206
211
193
194
198
238
199
190
209
182
210
221
170
190
214
212
190
213
205
197
192
191
224
194
175
210
177
204
176
192
210
204
215
218
204
216
213
200
214
182
221
209
167
172
195
199
222
220
199
208
196
219
212
204
225
185
210
202
207
204
202
205
212
200
191
199
189
197
216
208
194
189
181
183
200
202
202
203
229
203
217
196
208
186
199
206
201
192
171
194
211
204
193
184
181
219
232
216
242
298
674
1843
4650
9112
11898
10232
5759
2095
603
223
195
182
150
165
169
209
330
661
1094
1336
1192
687
371
194
204
166
175
172
173
179
194
165
193
165
154
168
190
170
166
150
163
180
161
146
171
152
159
166
185
168
173
165
160
187
183
176
154
156
158
155
159
194
171
188
156
181
196
206
185
180
152
173
149
167
177
154
210
180
175
172
187
154
172
170
178
193
171
205
177
192
160
182
168
176
167
180
178
198
187
222
212
184
195
183
173
180
164
175
156
179
173
170
171
181
186
156
156
177
189
179
172
161
170
179
172
164
169
180
171
177
160
180
161
179
187
187
172
154
182
153
176
157
178
186
178
195
160
176
145
191
156
168
181
183
196
170
151
179
178
195
178
197
199
187
179
165
188
172
160
171
181
186
189
167
198
163
196
171
175
167
180
214
196
151
178
200
171
184
187
186
195
175
197
175
197
174
164
186
175
204
167
187
178
182
209
155
184
178
161
184
192
178
183
215
181
204
174
177
185
188
175
181
182
217
160
160
198
186
201
196
180
186
176
174
162
188
182
197
197
198
166
196
192
198
175
207
183
205
192
182
186
212
211
162
182
220
184
192
183
181
194
188
195
189
186
213
179
198
182
180
189
185
181
201
189
230
183
154
191
195
170
183
189
212
181
234
227
261
248
212
172
204
189
187
223
234
204
176
196
215
187
230
194
195
206
202
216
196
181
185
200
209
196
193
182
196
201
181
198
189
194
191
211
219
193
196
210
170
176
218
211
190
215
197
204
194
195
192
237
199
206
221
207
196
227
203
200
223
211
203
190
214
212
218
174
200
222
200
219
215
201
201
209
205
207
222
205
195
205
217
225
220
185
220
216
226
180
209
241
223
215
220
189
197
197
220
203
196
217
215
215
214
189
192
210
209
217
216
210
208
218
166
190
223
207
222
229
200
188
186
207
208
201
198
189
175
220
206
179
191
178
203
170
190
174
190
177
199
236
197
208
184
172
169
164
166
159
173
183
189
187
150
163
153
185
180
163
155
157
158
153
179
152
145
144
168
158
146
169
183
153
167
145
170
140
179
159
167
185
184
173
163
172
165
160
144
167
167
169
177
147
136
162
154
161
159
151
166
156
171
169
153
161
175
145
139
149
176
166
170
153
173
151
169
154
154
165
134
163
177
160
144
158
128
152
164
131
143
130
148
146
153
148
155
173
150
179
152
147
157
137
129
132
145
163
164
157
152
157
156
174
129
159
167
159
143
152
170
147
170
143
129
142
134
126
168
153
170
143
159
138
176
171
163
162
140
142
150
155
160
143
135
159
164
131
140
157
148
163
124
152
141
139
156
171
135
139
144
152
167
142
140
155
153
141
157
165
156
215
245
239
252
181
185
179
173
160
163
131
140
126
129
140
161
124
147
125
147
138
152
130
171
143
145
139
158
155
137
151
149
170
151
160
161
151
134
142
126
136
136
139
130
148
145
149
142
141
136
149
156
135
164
148
147
175
157
126
138
159
156
140
129
168
150
121
150
134
150
131
146
153
150
148
142
153
149
128
139
148
141
128
160
159
156
152
155
136
145
145
157
134
154
141
134
165
141
136
169
122
172
158
131
148
140
143
175
129
140
132
136
134
171
125
144
151
164
130
140
145
146
158
150
136
144
124
139
163
159
144
137
145
136
147
143
154
131
147
122
148
150
140
150
130
112
146
130
185
135
135
139
126
135
135
151
146
144
146
139
150
119
145
142
151
159
159
147
132
152
139
117
160
141
163
145
139
138
143
156
146
161
154
146
139
153
128
140
139
126
112
126
112
142
134
129
120
125
132
123
122
149
161
155
142
123
114
108
103
109
129
118
130
114
117
109
112
117
101
97
100
108
107
91
117
94
112
102
101
103
108
98
95
104
106
95
99
94
96
103
102
105
109
95
85
86
84
98
90
92
117
88
107
101
103
86
120
100
82
103
101
104
101
90
77
95
99
86
109
100
98
97
102
88
104
100
81
85
105
91
78
90
93
105
88
95
96
114
90
104
103
77
100
86
88
91
102
88
81
91
98
73
76
89
88
91
94
81
105
101
80
95
100
76
100
84
122
181
240
252
246
196
143
102
98
115
197
323
876
1826
3757
6090
7721
7113
4558
2288
788
258
90
82
61
63
63
69
70
55
85
64
64
52
63
74
70
56
70
61
66
68
59
60
60
51
57
62
64
57
58
66
57
49
81
47
56
54
66
59
58
68
55
67
57
52
60
56
56
71
48
56
60
57
72
54
53
45
53
65
60
49
43
50
56
57
63
55
63
60
60
35
46
62
59
50
60
57
52
51
57
48
45
53
49
50
42
50
57
48
48
50
41
49
46
43
57
48
52
44
33
57
54
42
39
43
41
45
48
47
57
37
36
53
40
48
38
48
34
39
33
48
38
46
47
52
33
41
34
32
46
55
51
42
47
35
36
40
32
31
51
41
29
52
54
44
45
40
33
38
39
39
47
44
41
53
64
37
37
31
48
31
36
40
41
44
39
40
35
30
40
32
37
45
36
27
38
35
32
42
31
32
32
35
34
41
30
43
37
33
28
37
30
31
32
36
27
37
23
41
34
24
21
41
32
30
34
41
29
36
31
35
35
23
26
27
26
36
29
36
40
28
37
25
28
29
37
33
29
29
33
27
35
27
30
24
24
30
41
34
27
31
30
36
29
25
35
23
27
27
33
32
30
30
39
22
35
27
43
36
43
38
45
20
23
23
26
23
29
29
33
22
27
40
37
30
31
26
21
31
36
32
37
28
25
13
32
31
28
34
38
49
37
35
30
28
28
28
37
30
35
28
29
46
26
25
27
41
32
22
21
31
35
29
29
26
23
31
23
30
23
34
30
25
18
36
23
26
37
27
34
25
29
15
30
18
28
24
25
14
33
27
15
26
29
22
28
25
27
20
31
26
23
20
27
34
25
20
26
32
16
28
25
20
23
27
27
29
28
28
32
35
33
40
41
33
39
33
34
49
110
208
461
1008
2142
3907
5884
6711
5826
3934
1833
674
181
42
15
16
14
10
12
13
11
15
11
12
8
7
14
15
7
17
16
15
9
11
8
14
8
10
10
10
10
12
11
9
19
15
14
10
14
10
13
8
13
11
14
15
9
14
22
15
10
9
13
12
8
9
15
8
15
13
20
11
10
14
11
11
12
15
19
10
11
18
19
43
94
121
213
271
210
151
89
44
21
11
9
13
16
11
16
14
9
10
12
12
10
10
6
10
10
12
6
7
7
15
18
17
20
20
26
18
18
19
12
11
11
2
5
15
9
8
13
9
10
23
12
13
12
14
13
9
9
8
9
9
8
10
10
11
9
7
15
10
13
12
10
12
5
5
5
4
11
6
7
11
6
12
15
6
11
11
14
20
21
21
29
14
22
11
16
11
7
21
9
7
7
10
13
8
12
14
14
22
12
10
14
15
13
9
11
5
9
9
16
5
10
9
8
17
11
6
11
14
12
5
12
8
10
16
4
11
7
12
16
9
15
6
8
14
8
16
9
6
6
9
15
12
10
10
11
4
14
16
8
11
7
7
5
11
7
12
11
5
12
11
19
12
12
6
8
9
15
15
6
6
7
8
10
16
7
10
8
7
7
9
12
7
9
7
7
17
7
10
14
10
12
15
3
12
8
9
10
12
9
8
6
8
12
11
7
14
11
7
11
12
11
6
10
8
7
11
15
4
12
14
13
21
41
69
122
237
361
487
462
399
279
122
57
10
7
10
12
9
9
9
5
7
5
6
4
3
7
6
7
8
4
4
11
5
8
8
5
6
8
3
11
7
6
8
5
9
6
5
5
5
4
11
7
13
8
8
10
7
6
8
10
5
13
5
6
7
7
6
4
4
7
8
4
8
6
12
8
5
8
9
5
5
6
8
6
7
9
4
14
7
10
4
6
4
9
6
8
4
10
6
10
2
3
4
7
6
5
3
8
10
3
5
5
6
4
7
7
3
6
8
6
7
5
11
8
11
5
8
12
11
6
8
6
5
10
7
4
4
9
6
7
2
8
8
4
6
9
6
6
5
5
6
6
9
8
6
6
2
5
9
6
1
5
4
11
2
9
8
7
6
4
3
8
9
4
8
5
8
5
9
5
5
7
1
9
6
5
5
6
8
5
2
7
7
13
1
8
10
4
8
11
2
9
9
9
7
7
3
1
7
8
7
9
4
7
7
8
8
2
3
3
7
3
6
5
4
5
4
6
4
6
2
0
5
11
9
8
6
3
4
12
6
3
3
8
4
1
8
4
5
2
4
4
4
3
7
9
8
6
7
5
7
3
7
3
8
6
4
4
6
5
9
6
8
7
7
7
6
7
4
4
3
5
5
3
4
3
8
6
6
3
10
4
5
13
6
4
9
5
7
12
7
4
12
10
9
6
6
5
6
7
4
3
6
5
8
4
10
12
13
9
19
7
7
11
5
5
6
4
10
6
5
10
5
6
8
7
5
4
5
10
5
13
5
4
2
3
10
7
6
6
8
2
8
6
5
4
4
5
7
6
2
2
4
3
7
4
6
7
5
8
5
7
3
4
3
5
1
5
4
3
4
8
5
3
2
3
2
2
5
4
2
4
1
4
8
6
11
11
8
6
9
11
7
5
5
4
13
2
1
4
3
6
4
3
3
1
3
4
5
7
3
3
8
4
4
5
5
5
6
9
7
4
6
5
4
4
7
3
4
2
8
8
5
4
9
7
6
5
6
3
5
7
7
12
9
1
1
2
9
9
4
3
5
4
4
2
5
3
5
11
4
5
3
1
5
5
7
5
2
5
3
5
3
11
3
4
6
3
4
3
5
6
8
3
3
3
7
4
9
7
9
6
8
3
4
5
4
5
7
3
7
4
7
4
13
6
5
4
10
10
